0.04365	8.852
0.19097	11.137
0.32847	13.706
0.51615	17.045
0.66457	19.733
0.86101	22.191
1.0018	25.132
1.2156	27.792
1.3892	29.715
1.6172	31.712
1.7809	33.782
1.854	34.056
1.9926	35.248
2.1127	36.621
2.2392	37.85
2.3156	37.523
2.4881	39.236
2.6561	40.65
2.8788	43.244
3.1079	43.837
4.2842	53.276
3.887	40.213
3.492	34.79
3.0315	28.419
2.6213	24.446
2.2022	20.087
1.7711	15.615
1.3313	10.403
0.96248	5.2209
0.63729	1.8393
0.41686	-0.99138
0.3241	-2.085
0.15605	-4.676
-0.080752	-7.7346
-0.35903	-11.43
-0.70167	-15.575
-1.0061	-19.084
-1.4088	-22.86
-1.8584	-28.095
-2.4204	-34.673
-4.2233	-48.748
-3.828	-36.418
-3.3284	-28.993
-2.8263	-23.623
-2.3604	-18.373
-1.8813	-13.393
-1.3313	-8.0553
-0.8861	-2.7164
-0.54671	0.89672
-0.39395	2.3073
-0.022916	7.2244
-0.022916	7.2244
0.97668	18.486
1.9533	27.013
2.9639	36.736
3.9502	46.924
5.0089	54.984
6.0957	60.545
7.0691	64.183
8.1516	68.009
9.2232	70.144
10.347	71.038
9.4742	53.517
8.4485	43.717
7.3442	34.887
6.349	28.089
5.2403	20.527
4.2034	13.028
3.1778	6.2475
2.3506	0.6304
1.7373	-3.0323
0.68748	-11.181
-0.3634	-20.337
-1.4263	-28.443
-2.5535	-36.448
-3.6208	-44.571
-4.6639	-51.261
-5.7945	-57.533
-6.8857	-61.83
-8.0208	-64.837
-9.0988	-66.296
-10.288	-67.386
-9.2626	-50.332
-8.2128	-40.285
-7.1694	-31.942
-6.1176	-24.695
-5.0175	-17.749
-3.9502	-11.064
-2.8788	-4.2369
-2.0112	0.94347
-1.3193	5.5073
-0.29136	11.75
-0.29136	11.75
0.81298	18.255
1.8115	23.656
2.907	29.727
3.9853	35.564
5.0526	41.459
6.1524	48.054
7.2349	54.446
8.3045	60.149
9.3543	65.037
10.413	68.525
9.4305	53.908
8.4005	44.428
7.3137	36.074
6.2791	28.622
5.2271	21.657
4.1753	16.039
3.1298	9.5388
2.141	3.3335
1.4819	-1.0087
0.60127	-6.3561
-0.40267	-14.51
-1.5299	-20.411
-2.6495	-26.719
-3.6863	-33.342
-4.7993	-38.627
-5.9299	-45.265
-7.0124	-50.848
-8.0993	-57.057
-9.208	-62.084
-10.299	-66.341
-9.2735	-50.705
-8.2258	-41.245
-7.174	-32.951
-6.1087	-25.798
-4.9827	-19.093
-3.922	-13.004
-2.8481	-6.7039
-1.83	-0.45278
-1.2178	3.2528
-0.25753	9.1051
-0.25753	9.1051
1.8573	21.895
3.9809	33.151
6.1831	45.385
8.3307	57.756
10.5	68.445
12.682	72.697
13.632	73.427
14.505	73.151
15.509	73.031
16.436	73.151
17.375	72.995
18.302	73.089
19.23	72.929
20.18	73.284
21.118	72.831
22.045	72.359
19.983	48.882
17.855	34.273
15.618	22.593
13.403	13.318
11.297	4.7285
9.4851	-1.5718
7.4968	-6.4686
5.2532	-11.309
3.062	-16.441
0.75951	-21.396
-1.4328	-30.997
-3.6645	-39.308
-5.8514	-47.676
-8.0818	-55.554
-10.288	-63.111
-12.656	-65.407
-15.024	-65.545
-17.349	-66.216
-19.728	-66.688
-22.096	-65.838
-20.044	-42.922
-17.84	-28.957
-15.625	-18.471
-13.377	-9.7496
-11.194	-2.3313
-9.4699	2.9967
-7.3878	7.715
-5.1791	12.164
-2.9093	16.204
-0.62202	20.646
-0.62202	20.646
1.6227	27.227
3.8913	32.802
6.1394	38.949
8.3698	44.851
10.609	50.843
12.901	56.15
15.149	60.918
17.506	65.331
19.798	68.654
22.111	70.967
20.016	47.534
17.866	33.589
15.662	22.376
13.425	13.275
11.253	5.2792
9.3652	-0.34951
7.5014	-5.1043
5.284	-10.078
3.0229	-14.019
0.73769	-18.727
-1.5201	-25.519
-3.7757	-31.984
-6.0391	-38.268
-8.2652	-43.521
-10.496	-48.899
-12.853	-53.788
-15.134	-57.587
-17.491	-60.772
-19.826	-63.405
-22.128	-64.926
-20.055	-43.596
-17.851	-29.731
-15.668	-19.548
-13.388	-10.788
-11.172	-3.5987
-9.3172	2.071
-7.3571	6.707
-5.1397	11.406
-2.905	15.173
-0.5871	19.333
-0.5871	19.333
2.7826	28.23
6.1918	37.603
9.5507	46.075
13.01	54.01
16.404	60.861
19.906	67.15
23.399	70.633
27	71.603
30.731	72.315
34.354	72.373
31.059	39.308
27.633	22.697
24.097	10.262
20.9	0.59855
17.986	-5.1702
14.549	-11.247
11.068	-15.512
7.6408	-18.946
4.2776	-22.051
0.83698	-25.798
-2.5405	-33.575
-5.9517	-40.49
-9.3279	-46.782
-12.766	-52.756
-16.301	-57.484
-19.771	-61.817
-23.263	-64.09
-26.866	-65.024
-30.663	-64.944
-34.437	-64.646
-31.034	-35.206
-27.541	-18.976
-24.049	-7.6216
-20.819	0.98266
-17.905	6.8694
-14.512	11.667
-11.063	15.974
-7.6017	19.18
-4.1796	22.071
-0.70495	26.338
-0.70495	26.338
2.7501	31.93
6.1001	38.232
9.4742	43.916
12.955	49.678
16.382	54.7
19.874	58.779
23.311	62.475
27	66.176
30.665	68.712
34.31	70.317
30.993	39.53
27.589	22.619
24.075	10.835
20.801	1.1572
17.953	-5.0109
14.516	-10.793
11.035	-15.052
7.6672	-18.476
4.2842	-21.739
0.85446	-25.421
-2.5425	-31.962
-5.956	-38.065
-9.3607	-43.005
-12.82	-48.165
-16.356	-52.142
-19.88	-55.941
-23.416	-58.494
-27.018	-60.887
-30.749	-62.369
-34.48	-63.263
-31.054	-34.996
-27.607	-18.365
-24.093	-7.5624
-20.884	0.98648
-17.938	6.6314
-14.512	11.979
-11.096	15.756
-7.6977	19.058
-4.2385	22.053
-0.70714	25.745
-0.70714	25.745
3.8217	33.347
8.3569	41.113
12.901	48.072
17.517	54.006
22.155	59.766
26.911	64.575
31.78	68.173
36.667	69.979
41.448	69.321
46.49	69.584
41.951	30.865
37.323	12.341
32.87	-0.14375
28.636	-8.0486
23.791	-14.562
19.11	-18.3
14.472	-21.779
9.9217	-24.044
5.38	-26.962
0.78242	-30.962
-3.7671	-37.432
-8.2827	-43.117
-12.874	-47.912
-17.567	-52.52
-22.216	-56.154
-26.995	-58.846
-31.994	-61.083
-36.904	-62.546
-41.684	-62.506
-46.617	-61.715
-42.207	-29.045
-37.711	-11.554
-33.063	-0.24789
-28.895	7.207
-24.158	13.623
-19.455	17.871
-14.784	21.006
-10.157	23.513
-5.5458	26.286
-0.91011	29.82
-0.91011	29.82
3.6601	35.128
8.2128	41.421
12.759	46.942
17.353	51.728
22.067	55.865
26.848	59.33
31.758	62.039
36.624	64.437
41.534	65.98
46.533	66.754
41.971	30.256
37.323	11.91
32.87	-0.2241
28.616	-8.0201
23.791	-13.847
19.132	-17.928
15.64	-20.86
11.024	-23.591
6.4712	-25.985
1.9599	-29.33
-2.6256	-35.104
-7.1826	-39.991
-11.783	-44.367
-16.454	-48.499
-21.157	-51.622
-25.883	-53.939
-30.924	-56.252
-35.834	-57.978
-40.615	-58.948
-45.524	-58.903
-41.115	-27.581
-36.556	-11.169
-32.037	-0.10258
-27.76	7.4312
-22.98	12.862
-18.331	16.817
-13.617	19.834
-8.9329	22.312
-4.3541	24.736
0.27282	28.038
0.27282	28.038
5.9604	34.857
11.657	41.638
17.429	47.494
23.246	52.6
29.248	56.537
35.359	59.824
41.471	62.062
47.887	62.693
54.084	62.867
60.239	62.947
54.653	20.491
48.804	1.8479
43.302	-8.876
37.236	-16.415
31.145	-21.037
25.014	-22.365
19.143	-23.087
13.348	-23.476
7.606	-24.531
1.914	-27.537
-3.8194	-34.449
-9.5136	-38.21
-15.363	-42.781
-21.223	-46.497
-27.257	-49.286
-33.52	-50.95
-39.588	-51.942
-45.743	-51.786
-51.854	-51.368
-57.528	-50.274
-52.421	-15.594
-46.792	-0.39379
-41.443	9.2221
-35.53	15.266
-29.309	17.911
-23.132	18.933
-17.185	19.15
-11.281	19.47
-5.4498	20.243
0.40157	22.456
0.40157	22.456
6.1001	27.712
11.809	32.325
17.582	36.132
23.399	40.146
29.51	43.311
35.598	46.088
41.689	48.779
48.062	50.341
54.259	52.413
60.414	51.146
54.826	13.852
49.022	-1.4177
43.368	-10.353
37.28	-15.856
31.125	-16.498
24.926	-16.677
19.055	-16.136
13.25	-16.1
7.5494	-17.282
1.8366	-19.9
-3.9154	-24.431
-9.6881	-27.41
-15.592	-29.928
-21.441	-32.084
-27.518	-34.094
-33.762	-36.13
-39.807	-37.982
-45.829	-39.276
-51.897	-39.929
-57.704	-38.694
-52.553	-10.639
-46.965	2.2661
-41.488	9.3497
-35.486	13.392
-29.286	14.139
-23.045	13.765
-17.065	13.321
-11.172	13.09
-5.2883	13.777
0.48887	15.987
0.48887	15.987
6.205	21.315
11.951	23.87
17.724	26.599
23.617	29.063
29.748	31.517
35.839	33.944
41.951	35.963
48.235	38.055
54.564	39.397
60.676	40.299
54.915	8.9859
49.152	-3.531
43.411	-9.7367
37.214	-13.004
31.059	-12.747
24.904	-12.463
19.001	-11.773
13.163	-11.253
7.427	-12.941
1.6936	-16.059
-4.0399	-19.081
-9.8191	-20.857
-15.712	-22.269
-21.615	-23.742
-27.65	-24.967
-33.891	-26.345
-40.069	-27.621
-46.18	-28.062
-52.291	-26.333
-58.009	-24.961
-52.728	-5.0487
-47.053	2.2014
-41.422	6.3716
-35.42	8.916
-29.2	9.6002
-22.892	9.263
-16.923	8.9854
-11.02	8.9458
-5.2446	9.7425
0.57945	11.958
0.57945	11.958
7.4577	16.787
14.374	18.599
21.511	20.681
28.679	22.807
36.015	25.016
43.348	27.496
51.072	27.212
58.405	26.783
65.956	26.574
73.596	20.907
66.482	-0.10554
59.629	-7.2075
52.25	-10.381
44.569	-10.604
37.17	-10.206
29.794	-9.9258
22.525	-8.5579
15.552	-8.63
8.6144	-9.8751
1.7929	-12.961
-5.2141	-14.459
-12.165	-15.722
-19.258	-16.398
-26.492	-17.572
-33.957	-17.948
-41.29	-18.918
-48.755	-18.532
-55.87	-18.122
-62.593	-17.061
-69.314	-14.782
-63.16	0.87461
-56.655	5.4509
-50.063	7.5184
-42.687	7.7853
-35.331	7.6834
-27.803	7.0229
-20.382	6.2916
-13.267	6.1955
-6.2748	6.659
0.74968	7.9619
0.6242	4.5461
0.51615	2.947